MS(M(2664.02,2460.36,2686.98,1323.29,1685.56,1860.78,1798.75,-78.7313,-1523.34,1198.5,-1126.73,1595.11,-136,1418,1282,251,653,402);S(P(0,0,0,0),P(0,0,0,0)))
MS(M(2686.54,2529.59,2810.57,1609.93,1696.29,1764.86,1723.76,29.3995,-1454.61,1334.07,-1226.94,1561.73,-369,1026,657,674,925,251);S(P(0,0,0,0),P(0,0,0,0)))
MS(M(2665.32,2545.74,2883.18,1509.96,1763.94,1751.38,1741.76,31.756,-1427,1334.16,-1143.26,1617.91,-345,1026,681,617,825,208);S(P(0,0,0,0),P(0,0,0,0)))
MS(M(2708.21,2528.47,2887.27,1620.47,1792.51,1784.59,1739.61,1.36066,-1528.09,1300.9,-1178.18,1650.8,-345,1005,660,767,954,187);S(P(0,0,0,0),P(0,0,0,0)))
MS(M(2594.93,2537.83,2816.14,1457.49,1739.77,1684.87,1773.18,-2.1214,-1410.6,1329.05,-1122.19,1617.46,-369,1026,657,565,752,187);S(P(0,0,0,0),P(0,0,0,0)))
MS(M(2600.8,2511.5,2843.94,1419.17,1763.55,1699.84,1730.07,28.1055,-1373.35,1333.38,-1089.55,1617.18,-369,1026,657,520,728,208);S(P(0,0,0,0),P(0,0,0,0)))
MS(M(2616.77,2473.11,2799.9,1423.79,1714.2,1697.9,1719.02,54.5354,-1270.82,1420.09,-1162.47,1528.44,-323,1030,707,455,707,252);S(P(0,0,0,0),P(0,0,0,0)))
MS(M(2644.81,2520.56,2833.63,1738.79,1703.06,1744.23,1790.65,135.392,-1223.85,1585.48,-1349.76,1459.57,-375,1123,748,706,1020,314);S(P(0,0,0,0),P(0,0,0,0)))
MS(M(2599.21,2497.5,2817.83,1604.89,1715.87,1712.29,1726.22,200.133,-1081.79,1661.94,-1317.11,1426.61,-325,1077,752,490,850,360);S(P(0,0,0,0),P(1,0,0,0)))
MS(M(2586.42,2511.85,2874.13,1660.64,1708.35,1683.2,1791.35,228.231,-939.534,1783.17,-1393.43,1329.27,-304,1129,825,468,850,382);S(P(0,0,0,0),P(1,0,0,0)))
MS(M(2586.21,2565.02,2789.08,1750.47,1678.35,1707.7,1834.69,251.533,-999.831,1803.31,-1410.68,1392.47,-352,1129,777,684,1000,316);S(P(0,0,0,0),P(1,0,0,0)))
MS(M(2538.62,2471.38,2782.69,1418.73,1709.04,1651.59,1732.64,191.748,-962.475,1661.63,-1204.67,1419.44,-349,1097,748,319,677,358);S(P(0,0,0,0),P(1,0,0,0)))
MS(M(2573.44,2488.94,2826.14,1463.5,1707.41,1670.87,1741.83,131.998,-1100.3,1571.86,-1221.81,1450.36,-367,1060,693,382,693,311);S(P(0,0,0,0),P(0,0,0,0)))
MS(M(2644.06,2497.77,2816.9,1421.42,1724.25,1719.98,1731.16,46.0809,-1294.95,1421.21,-1171.85,1544.31,-385,985,600,423,670,247);S(P(0,0,0,0),P(0,0,0,0)))
MS(M(2669.69,2509.66,2884.8,1418.78,1718.59,1702.61,1698.44,-36.9182,-1426.86,1247.66,-1102.61,1571.9,-376,905,529,486,690,204);S(P(0,0,0,0),P(0,0,0,0)))
MS(M(2609.87,2422.6,2841.56,1460.82,1694.06,1677.26,1665.03,-93.1303,-1522.65,1108.74,-1069.23,1562.16,-417,916,499,569,749,180);S(P(0,0,0,0),P(0,0,0,0)))
MS(M(2642.3,2418.21,2824.58,1386.09,1733.2,1661.21,1700.9,-235.462,-1683.57,972.795,-1007.05,1649.31,-432,844,412,518,657,139);S(P(0,0,0,0),P(0,0,1,0)))
MS(M(2740.47,2440.55,2888.69,1695.76,1699.22,1766.61,1678.09,-281.596,-1914.69,807.042,-1087.81,1633.92,-382,850,468,877,994,117);S(P(0,0,0,0),P(0,0,1,0)))
MS(M(2814.81,2394.98,2818.34,1630.85,1752.69,1782.29,1675.73,-391.975,-2077.78,709.953,-1069.31,1718.43,-463,785,322,867,926,59);S(P(0,0,0,0),P(0,0,1,0)))
MS(M(2776,2389.02,2837.78,1613.89,1752.91,1781.33,1670.33,-359.794,-2036.12,708.231,-1031.77,1712.58,-461,800,339,840,917,77);S(P(0,0,0,0),P(0,0,1,0)))
MS(M(2743.55,2387.49,2874.15,1719.51,1766.54,1772.04,1596.82,-299.961,-1968,797.619,-1069.68,1695.94,-460,710,250,808,960,152);S(P(0,0,0,0),P(0,0,1,0)))
MS(M(2745.56,2398.74,2880.88,1647.07,1839.51,1786.75,1567.27,-238.657,-1916.21,886.984,-1041.2,1761.99,-537,573,36,739,848,109);S(P(0,0,0,0),P(0,0,1,0)))
MS(M(2671.93,2337.45,2878.05,1540.41,1862.34,1686.78,1552.8,-262.022,-1840.44,886.383,-960.56,1766.27,-619,503,-116,614,699,85);S(P(0,0,0,0),P(0,0,1,1)))
MS(M(2720,2385.91,2840.3,1674.79,1821.58,1737.82,1595.13,-214.692,-1826.54,988.35,-1086.62,1728.27,-666,430,-236,775,792,17);S(P(0,0,0,0),P(0,0,1,1)))
MS(M(2761.99,2388.1,2840.07,1706.63,1773.43,1758.37,1595.36,-199.428,-1805.87,1028.8,-1174.2,1660.48,-657,456,-201,765,813,48);S(P(0,0,0,0),P(0,0,0,1)))
MS(M(2660.99,2420.34,2876.53,1570.45,1814.03,1611.76,1663.09,-172.57,-1606.28,1179.63,-1124.03,1661.88,-633,476,-157,630,662,32);S(P(0,0,0,0),P(0,0,0,1)))
MS(M(2693.47,2426.15,2828.12,1651.77,1805.59,1690.77,1659.58,-79.1454,-1555.96,1289.43,-1205.75,1639.65,-610,515,-95,752,800,48);S(P(0,0,0,0),P(0,0,0,1)))
MS(M(2591.64,2388.3,2823.4,1552.03,1824.64,1617.26,1649.44,-38.9594,-1419.32,1367.61,-1177.82,1609.11,-561,513,-48,598,662,64);S(P(0,0,0,0),P(0,0,0,1)))
MS(M(2600.24,2447.53,2958.04,1563.17,1864.74,1657.94,1665.54,84.311,-1224.42,1493.82,-1160.35,1557.89,-524,589,65,608,722,114);S(P(0,0,0,0),P(0,0,0,1)))
MS(M(2552.53,2481.98,2863.2,1473.98,1779.73,1589.27,1660.31,218.522,-988.144,1655.75,-1177.38,1466.52,-480,700,220,600,700,100);S(P(0,0,0,0),P(0,0,0,1)))
MS(M(2628.48,2518.45,2811.29,1373.5,1757.11,1684.69,1740.29,259.212,-840.485,1790,-1198.4,1432.09,-382,679,297,532,600,68);S(P(0,0,0,0),P(1,0,0,1)))
MS(M(2671.96,2567.08,2799.59,1398.51,1757.89,1718.51,1830.89,280.266,-753.632,1900.83,-1235,1419.46,-325,803,478,532,637,105);S(P(0,0,0,0),P(1,0,0,1)))
MS(M(2626.85,2528.36,2850.03,1391.04,1801.24,1712.38,1804.61,349.38,-614.102,1942.52,-1194.04,1362.58,-324,887,563,542,690,148);S(P(0,0,0,0),P(1,0,0,1)))
MS(M(2669.83,2526.07,2871.45,1371.39,1775.07,1735.09,1841.34,302.443,-578.719,1934.59,-1193.32,1320,-230,988,758,438,669,231);S(P(0,0,0,0),P(1,0,0,0)))
MS(M(2659.83,2493.21,2859.09,1393.75,1765.35,1789,1795.24,314.001,-699.327,1847.22,-1204.84,1341.71,-240,1067,827,451,689,238);S(P(0,0,0,0),P(1,0,0,0)))
MS(M(2602.57,2510.4,2899.97,1554.66,1626.64,1722.95,1805.76,266.247,-761.206,1778.07,-1317.65,1221.62,-223,1217,994,442,804,362);S(P(0,0,0,0),P(1,0,0,0)))
MS(M(2604.04,2524.58,2812.09,1378.09,1724.53,1768.05,1818.93,181.645,-1009.88,1648.26,-1183.98,1474.16,-229,1149,920,382,653,271);S(P(0,0,0,0),P(0,0,0,0)))
MS(M(2631.44,2569.24,2804.16,1331.95,1733.15,1754.95,1844.5,89.5601,-1186.72,1511.51,-1124.92,1573.31,-252,1097,845,444,630,186);S(P(0,0,0,0),P(0,0,0,0)))
MS(M(2676.97,2539.64,2906.76,1439.39,1681.33,1798.7,1831.19,-28.2778,-1393.13,1265.35,-1127.81,1530.66,-252,1216,964,488,772,284);S(P(0,0,0,0),P(0,0,0,0)))
MS(M(2710.4,2566.01,2927.02,1429.64,1734.14,1856.59,1891.3,-112.196,-1569.92,1160.54,-1104.96,1625.5,-135,1322,1187,485,780,295);S(P(0,0,0,0),P(0,0,0,0)))
MS(M(2779.6,2535.61,2862.61,1387.45,1724.93,1969.42,1915.07,-176.003,-1740.33,1041.66,-1127.86,1654.12,-29,1480,1451,426,730,304);S(P(0,1,0,0),P(0,0,0,0)))
MS(M(2745.32,2543.54,2809.43,1307.68,1779.83,1965.44,1900.89,-104.442,-1632.09,1175.42,-1102.73,1704.78,0,1514,1514,301,646,345);S(P(0,1,0,0),P(0,0,0,0)))
MS(M(2698.95,2483.29,2795.41,1386.94,1744.16,1978.59,1898.2,-104.138,-1656.84,1142.98,-1144.91,1654.91,0,1587,1587,345,725,380);S(P(0,1,0,0),P(0,0,0,0)))
MS(M(2697.1,2466.25,2787.42,1420.49,1711.98,1952.11,1885.57,-138.85,-1682.38,1112.5,-1175.93,1618.96,0,1627,1627,321,741,420);S(P(0,1,0,0),P(0,0,0,0)))
MS(M(2701.97,2506.38,2783.76,1363.49,1711.98,1970.9,1865.78,-69.2289,-1596.75,1179.97,-1157.75,1618.96,0,1599,1599,250,670,420);S(P(0,0,0,0),P(0,0,0,0)))
MS(M(2653.71,2488.32,2768.44,1414.28,1739.44,1950.09,1879.57,-71.2627,-1623.1,1177.93,-1153.07,1647.97,-29,1599,1570,345,765,420);S(P(0,0,0,0),P(0,0,0,0)))
MS(M(2686.4,2488.32,2791.87,1361.29,1745.76,2006.94,1856.74,-36.6483,-1604.67,1177.93,-1134.63,1647.97,-29,1599,1570,273,693,420);S(P(0,0,0,0),P(0,0,0,0)))
MS(M(2732.35,2498.32,2825.85,1361.29,1745.76,1995.37,1893.89,-105.775,-1639.18,1143.42,-1134.63,1647.97,-29,1599,1570,273,693,420);S(P(0,0,0,0),P(0,0,0,0)))
MS(M(2450.82,2608.61,2333.61,1581.84,1458.68,1771.07,1823.97,56.9134,-1459.11,1459.36,-1487.57,1430.9,-622,622,0,145,362,217);S(P(0,0,0,0),P(0,0,0,0)))
MS(M(2623.38,2586.99,2436.87,1453.74,1589.17,1815.57,1846.15,67.384,-1399.6,1444.26,-1281.27,1562.6,-444,690,246,644,644,0);S(P(0,0,0,0),P(0,0,0,0)))
MS(M(2563.06,2709.55,2227.55,1418.04,1863.54,1775.27,2102.98,140.491,-1240.31,1675.16,-1100.22,1815.24,-511,568,57,1281,884,-397);S(P(0,0,0,0),P(0,0,0,0)))
MS(M(2411.33,2418.99,2070.7,1259.74,1884.22,1674.01,2027.39,186.418,-959.796,1522.47,-812.393,1669.87,-527,420,-107,1767,955,-812);S(P(0,0,0,0),P(1,0,0,0)))
MS(M(2451.59,2428.13,2060.9,1250.05,1943.44,1719.43,2089.5,231.728,-860.705,1515.74,-732.29,1644.15,-566,375,-191,1993,1009,-984);S(P(0,0,0,0),P(1,0,0,0)))
MS(M(2431.55,2460.1,2113.37,1439.87,1768.47,1800.74,2131.65,225.076,-849.571,1423.28,-758.047,1514.81,-426,614,188,2054,1222,-832);S(P(0,0,0,0),P(1,0,0,0)))
MS(M(2362.78,2534.44,2232.45,1606.89,1680.43,1781.34,2119.55,253.806,-902.083,1260.44,-698.556,1463.97,-345,729,384,2185,1422,-763);S(P(0,0,0,0),P(1,0,0,0)))
MS(M(2357.04,2597.74,2379.13,1449.95,1509.87,1694.19,2151.99,194.136,-978.36,1168.61,-771.456,1375.51,-396,942,546,1761,1199,-562);S(P(0,0,0,0),P(1,1,0,0)))
MS(M(2440.22,2567.77,2381.05,1523.68,1570.03,1700.73,2085.16,124.441,-1147.3,1016.04,-736.593,1426.75,-419,850,431,1917,1292,-625);S(P(0,0,0,0),P(1,1,0,0)))
MS(M(2427.87,2698.4,2092.96,1264.28,1863.52,1693.32,2109.84,379.014,-704.468,1541.4,-761.788,1484.08,-367,367,0,2122,1009,-1113);S(P(0,0,0,0),P(1,0,0,0)))
MS(M(2483.43,2792.19,2126.27,1376.99,1964.8,1669.68,2254.81,397.951,-502.961,1838.84,-759.67,1582.13,-406,406,0,2265,1148,-1117);S(P(0,0,0,0),P(1,0,0,0)))
MS(M(2823.85,2860.07,2186.88,2057.07,2165.25,2047.84,2277.86,507.183,-459.065,2080.81,-821.472,1718.41,-402,364,-38,3070,1881,-1189);S(P(0,0,0,0),P(1,0,0,0)))
MS(M(2420.48,2982.23,2328.54,1248.79,2330.35,1449.09,2305.14,672.677,116.042,2355.08,-466.808,1772.23,-364,286,-78,2398,1146,-1252);S(P(0,0,0,0),P(1,0,0,0)))
MS(M(2592.65,2898.73,2399.77,1591.19,1782.01,1618.48,2243.24,620.277,-64.0315,2354.85,-1000.28,1418.6,-438,641,203,1956,1224,-732);S(P(0,0,0,0),P(1,0,0,0)))
MS(M(2834.19,2595.43,2489.84,1427.16,1901.31,1837.71,1884.98,523.728,-528.475,2174.98,-1151.39,1552.06,-631,432,-199,1261,822,-439);S(P(0,0,0,0),P(1,0,0,0)))
MS(M(2707.18,2750.21,2612.03,1448.28,1778.35,1759.56,1969.08,320.44,-848.687,2031.36,-1266.14,1613.9,-571,514,-57,863,693,-170);S(P(0,0,0,0),P(1,0,0,0)))
MS(M(2685.6,2597.86,2395.76,1420.65,1774.4,1746.75,1933.7,36.5463,-1287.51,1738.54,-1314.41,1711.63,-549,529,-20,489,529,40);S(P(0,0,0,0),P(0,0,0,0)))
MS(M(2662.33,2532.22,2378.78,1606.4,1472.46,1937.49,1882.69,-46.3612,-1569.69,1430.85,-1569.69,1430.85,-631,631,0,61,241,180);S(P(0,0,0,0),P(0,0,0,0)))
MS(M(2463,2582.85,2436.62,1493.51,1574.79,1929.89,1740.11,-61.5843,-1563.92,1222.28,-1395.18,1391.02,-723,761,38,-750,-56,694);S(P(0,0,0,0),P(0,0,0,0)))
MS(M(2253.4,2496.95,2321.13,1625.91,1469.28,1951.48,1601.1,-76.1786,-1530.01,1005.56,-1424.69,1110.89,-803,668,-135,-1307,-389,918);S(P(0,0,0,0),P(0,0,1,0)))
MS(M(2274.19,2559.8,2298.06,1891,1428.37,2010.59,1687.53,-93.6559,-1492.09,974.503,-1579.21,887.379,-622,467,-155,-1862,-777,1085);S(P(0,0,0,0),P(0,0,1,0)))
MS(M(2639.23,2607.37,2551.82,2264.21,1359,2191.02,1795.31,-209.846,-1650.98,902.374,-1879.31,674.048,-430,374,-56,-2145,-1032,1113);S(P(0,0,0,0),P(0,0,1,0)))
MS(M(2616.66,2621.55,2482.22,2311.19,1307.41,2076.4,1945.1,-281.901,-1439.27,925.651,-1816.55,548.372,-293,159,-134,-2431,-1297,1134);S(P(0,0,1,0),P(0,0,1,0)))
MS(M(2758.07,2472.39,2444.84,2253.65,1068.23,2131.65,1879.87,-393.813,-1552.02,850.51,-1831.15,571.38,-262,207,-55,-2080,-1226,854);S(P(0,0,1,0),P(0,0,1,0)))
MS(M(2315.91,2496.85,2239.36,2085.08,1175.52,1937.58,1768.77,-201.563,-1342.66,1027.38,-1736.77,633.269,-576,173,-403,-2015,-1080,935);S(P(0,0,0,0),P(0,0,1,0)))
MS(M(1864.91,2527.99,2016.33,1639.29,1366.29,1772.98,1532.98,99.4526,-1019.34,1242.29,-1405.93,855.697,-959,295,-664,-1770,-785,985);S(P(1,0,0,0),P(0,0,1,0)))
MS(M(1840.12,2600.78,1823.15,1624.7,1432.62,1788.84,1572.74,219.605,-1097.06,1349.03,-1416.11,1029.98,-950,58,-892,-1739,-792,947);S(P(1,0,0,0),P(0,0,1,0)))
MS(M(1859.66,2637.7,1861.98,1580.57,1588.48,1786.12,1583.88,179.205,-1134.67,1362.75,-1413.94,1083.48,-992,246,-746,-1772,-674,1098);S(P(1,0,0,0),P(0,0,1,0)))
MS(M(1905.45,3043.73,1997.79,1932.78,1754.12,1986.65,1841.95,153.855,-1020.29,1281.61,-1552.7,749.203,-1035,282,-753,-2695,-1132,1563);S(P(1,0,0,0),P(0,0,1,0)))
MS(M(2101.48,3167.48,2164.31,2057.28,2400.53,2238.01,2031.05,201.268,-994.308,1182.28,-1655.06,521.529,-874,577,-297,-3420,-1155,2265);S(P(1,0,0,0),P(0,0,1,0)))
MS(M(2251.83,3112.96,2255.76,1818.66,2402.94,1863.94,2314.59,215.481,-912.326,1163.21,-1453.53,622.009,-227,346,119,-3296,-994,2302);S(P(1,0,0,0),P(0,0,1,0)))
MS(M(2304.07,3128.3,2455.44,1469.8,2633.91,2424.18,1827.85,219.489,-1054.81,1240.66,-1207.53,1087.93,-900,1360,460,-2938,-555,2383);S(P(1,0,0,0),P(0,0,1,0)))
MS(M(2361.51,2670.3,2709.82,1571.49,1691.46,2246.16,1584.33,90.9839,-1347.49,1028.62,-1330.63,1045.48,-878,1479,601,-1392,-92,1300);S(P(0,0,0,0),P(0,0,1,0)))
MS(M(2508.44,2721.55,2762.82,1481.58,1745.84,1965.47,1651.09,45.9269,-1496.95,1198.4,-1282.49,1412.86,-545,1109,564,-845,139,984);S(P(0,0,0,0),P(0,0,1,0)))
MS(M(2675.17,2763.92,2518.11,1641.41,1662.31,1899.59,1770.16,190.391,-1350.9,1684.28,-1412.79,1622.38,-72,165,93,911,776,-135);S(P(0,0,0,0),P(0,0,0,0)))
MS(M(2655.85,2716.8,2543.73,1739.42,1600.67,1930.62,1753.72,219.496,-1341.93,1689.79,-1495.51,1536.22,-115,183,68,962,808,-154);S(P(0,0,0,0),P(0,0,0,0)))
MS(M(2534.44,2693.05,2155.21,1384.21,1849.87,1874.73,1781.13,301.966,-1167.91,1861.51,-1258.09,1771.34,-211,-182,-393,1075,571,-504);S(P(0,0,0,0),P(0,0,0,1)))
MS(M(2620.83,2693.23,2184.41,1868.66,1389.22,1878.48,1741.86,432.533,-911.783,2048.73,-1674.87,1285.65,-252,-76,-328,1262,814,-448);S(P(0,0,0,0),P(1,0,0,1)))
MS(M(2661.83,2694.63,2086.75,1869.84,1393.3,1872.13,1800.21,458.118,-752.033,2038.9,-1547.87,1243.06,-317,37,-280,1610,1006,-604);S(P(0,0,0,0),P(1,0,0,1)))
MS(M(2695.38,2738.49,2320.16,1685.05,1787.66,1903.68,1930.32,431.783,-590.768,2005.97,-1137.28,1459.46,-257,36,-221,2141,1242,-899);S(P(0,0,0,0),P(1,0,0,1)))
MS(M(2787.47,2656.71,2325.59,1350.54,2372.17,2131.27,1817.01,484.937,-606.503,1823.27,-681.664,1748.11,-214,-448,-662,2673,1149,-1524);S(P(0,0,0,0),P(1,0,0,1)))
MS(M(2870.32,2788.75,1980.33,2151.22,1600.46,2155.6,1886.06,463.939,-581.749,1861.72,-1194.43,1249.03,-162,114,-48,2770,1770,-1000);S(P(0,0,0,0),P(1,0,0,1)))
MS(M(2874.36,2695.54,2087.39,1836.95,1692.91,2072.09,1885.25,492.336,-415.056,1689.86,-879.584,1225.33,-107,232,125,2673,1555,-1118);S(P(0,0,0,0),P(1,0,0,1)))
MS(M(2761.03,2758.77,2166.11,1935.29,1574.99,2031.81,1991.03,557.301,-444.414,1704.7,-967.956,1181.16,-79,578,499,2566,1616,-950);S(P(0,0,0,0),P(1,0,0,0)))
MS(M(2574.41,2775.75,2103.23,1345.57,1677.4,1770.78,2030.92,518.145,-384.236,1681.41,-788.274,1277.37,-29,570,541,1964,959,-1005);S(P(0,0,0,0),P(1,0,0,0)))
MS(M(2764.42,2761.87,2392.57,812.676,1656.38,1919.49,2090.81,444.049,-334.522,1110.64,-377.405,1067.76,-28,657,629,1729,573,-1156);S(P(0,0,0,0),P(0,0,0,0)))
MS(M(1245.95,2979.5,1304.17,1050.23,2485.09,1761.73,991.626,582.549,918.705,1026.85,939.352,1047.5,1493,-1677,-184,2139,0,-2139);S(P(0,0,0,0),P(0,0,0,0)))
MS(M(2952.14,2790.76,2459.89,751.158,880.988,2308.56,2170.87,367.285,675.787,904.913,562.722,791.848,-195,1485,1290,-78,-461,-383);S(P(0,0,1,0),P(0,0,0,0)))
MS(M(2711.3,2941.39,2485.96,624.712,780.753,804.663,1030.44,465.882,516.978,625.123,460.853,568.999,1300,-34,1266,108,-415,-523);S(P(0,0,1,0),P(0,0,0,0)))
MS(M(2163.92,2767.19,2611.61,1882.2,1047.22,1299.31,2153.04,336.349,-327.618,718.684,-263.488,782.814,-197,1199,1002,2443,1813,-630);S(P(0,0,1,0),P(0,0,0,0)))
MS(M(2704.07,2810.28,2174.47,1444.93,1559.28,1707.35,2080.29,275.456,-666.947,1453.1,-882.964,1237.08,-227,537,310,2030,1085,-945);S(P(0,0,0,0),P(1,0,0,0)))
MS(M(2827.19,2846.61,2223.88,1713.73,1697.43,1915.15,2026,307.864,-957.842,1730.4,-1170.78,1517.46,-263,439,176,1976,1229,-747);S(P(0,0,0,0),P(1,0,0,0)))
MS(M(2775.91,2925.6,2231.44,1723.63,1697.42,1910.14,2102.5,430.997,-792.532,2018.58,-1248.76,1562.35,-248,560,312,1741,1129,-612);S(P(0,0,0,0),P(1,0,0,0)))
MS(M(2784.39,2857.2,2557.7,1791.49,1757.63,1932.54,2140.59,443.639,-673.438,2132.25,-1249.45,1556.23,-282,848,566,1599,1271,-328);S(P(0,0,1,0),P(2,0,0,0)))
MS(M(2805.58,2881.84,10386.5,10983.1,8851.08,1944.83,2131.77,461.113,-626.151,2199.86,-3628.7,-802.69,-198,9928,9730,1544,10348,8804);S(P(0,0,1,0),P(2,0,0,0)))
MS(M(2825.38,2571.6,10157.4,10820.8,8843.16,1815.67,2124.6,87.3896,-919.697,1786.51,-3416.28,-710.072,-336,9957,9621,1451,10255,8804);S(P(1,0,0,0),P(1,0,0,0)))
MS(M(2856.61,2388.1,2293.08,1885.18,1566.91,1876.58,1923.52,82.4944,-1202.1,1625.82,-1412.8,1415.12,-410,787,377,1490,1233,-257);S(P(1,0,0,0),P(1,0,0,0)))
MS(M(2894.79,2273.76,2136.62,1868.25,1485.78,1908.83,1752.57,-64.0037,-1575.36,1415.93,-1560.33,1430.97,-468,591,123,1162,1020,-142);S(P(0,0,0,0),P(1,0,0,0)))
MS(M(2741.79,2472.83,2529.94,1935.04,1385.49,1811.16,1736.92,-53.6276,-1586.15,1300.04,-1568.77,1317.42,-394,646,252,1049,1049,0);S(P(0,0,0,0),P(0,0,0,0)))
MS(M(2645.6,2493.97,2536,1715.79,1538.01,1748.21,1624.25,-87.6001,-1671.26,1250.14,-1427.73,1493.67,-343,299,-44,743,721,-22);S(P(0,0,0,0),P(0,0,0,0)))
MS(M(2643.48,2546,2529.49,1688.54,1520.93,1818.51,1607.8,-34.8913,-1701.93,1279.45,-1503.82,1477.56,-346,176,-170,347,479,132);S(P(0,0,0,0),P(0,0,0,0)))
MS(M(2541.93,2652.49,2594.41,1730.84,1629.25,1798.28,1678.96,15.226,-1621.2,1406.16,-1453.79,1573.56,-167,42,-125,346,562,216);S(P(0,0,0,0),P(0,0,0,0)))
MS(M(2561.22,2741.26,2672.79,1754.71,1670.09,1805.04,1720.91,-12.3438,-1726.74,1341.19,-1448.63,1619.3,-336,213,-123,205,484,279);S(P(0,0,0,0),P(0,0,1,0)))
MS(M(2495.19,2741.35,2605.89,1666.08,1572.42,1772.3,1678.32,-34.5475,-1747.43,1164.14,-1377.97,1533.61,-428,230,-198,22,338,316);S(P(0,0,0,0),P(0,0,1,0)))
MS(M(2440.84,2718.71,2577.53,1619.33,1597.59,1743.73,1670.16,-36.7955,-1730.44,1160.06,-1330,1560.51,-476,205,-271,-64,247,311);S(P(0,0,0,0),P(0,0,1,0)))
MS(M(2285.35,2618.97,2380.1,1506.89,1734.6,1648.35,1637,-27.6219,-1633.1,1264.84,-1279.22,1618.73,-589,125,-464,-514,53,567);S(P(0,0,0,0),P(0,0,1,0)))
MS(M(2035.14,2746.63,2192.2,1480.27,1813.1,1588.96,1734.13,-18.7816,-1517.46,1220.18,-1233.96,1503.68,-884,62,-822,-1272,-310,962);S(P(0,0,0,0),P(0,0,1,1)))
MS(M(2131.31,2777.4,2257.91,1519.63,1853.34,1646.14,1857.77,-57.348,-1471.9,1287.2,-1249.55,1509.55,-673,34,-639,-1631,-610,1021);S(P(0,0,0,0),P(0,0,1,1)))
MS(M(2228.13,2835.64,2282.65,1445.4,2018.05,1695.33,1940.84,-147.168,-1380.18,1192.09,-1190.03,1382.24,-570,383,-187,-2038,-594,1444);S(P(0,0,0,0),P(0,0,1,0)))
MS(M(2300.96,2996.93,2368.22,1413.89,2234.4,1854.08,2015.43,-93.2494,-1360.02,1144.91,-1143.17,1361.77,-582,582,0,-2339,-581,1758);S(P(0,0,0,0),P(0,0,1,0)))
MS(M(2237.72,3091.41,2478.07,1368.57,2305.45,1834.39,1939.2,-31.4688,-1376.51,1253.04,-1108.39,1521.15,-802,728,-74,-2065,-354,1711);S(P(1,0,0,0),P(0,0,1,0)))
MS(M(2352.82,2975.91,2518.07,1553.81,1993.14,1793.04,1907.7,-68.5658,-1492.37,1228.99,-1313.7,1407.66,-527,566,39,-1776,-375,1401);S(P(1,0,0,0),P(0,0,1,0)))
MS(M(2499.83,2943.17,2662.36,1863.2,1819.02,1795.22,1976,-203.345,-1631.32,1158.48,-1602.38,1187.41,-440,440,0,-1811,-469,1342);S(P(0,0,0,0),P(0,0,1,0)))
MS(M(2667.63,2718,2591.26,2011.88,1562.92,1830.19,1930.09,-279.008,-1668.43,983.725,-1717.08,935.074,-125,187,62,-1997,-789,1208);S(P(0,0,1,0),P(0,0,1,0)))
MS(M(2770.67,2820.46,2498.02,2268.79,1389.19,1946.16,2047.6,-346.992,-1889.07,684.095,-1730.9,842.266,-54,-244,-298,-2384,-1286,1098);S(P(0,0,0,0),P(0,0,1,0)))
MS(M(2809.79,2914.92,2721.58,1605.92,2075.89,1964.21,1946.52,-475.925,-2040.92,290.078,-1161.06,1169.94,-202,394,192,-2416,-704,1712);S(P(0,0,0,0),P(0,0,1,1)))
MS(M(2778.38,3123.37,2778.97,2175.53,1688.79,1938.56,2121,-532.435,-2160.88,371.391,-1568.36,963.913,-334,-67,-401,-2442,-1063,1379);S(P(0,0,0,0),P(0,0,1,1)))
MS(M(2258.67,3156.61,2389.3,1889.92,1738.68,1785.37,1945.81,-192.232,-1824.98,930.999,-1503.55,1252.43,-833,-17,-850,-1933,-727,1206);S(P(1,0,0,0),P(0,0,1,1)))
MS(M(2309.94,2935.95,2303.26,1628.98,1894.13,1771.99,1898,-247.841,-1944.02,1005.69,-1295.04,1654.67,-752,16,-736,-1396,-483,913);S(P(1,0,0,0),P(0,0,1,1)))
MS(M(2294.57,2921.54,2414.8,1757.13,1614.77,1659.65,1862.8,-167.415,-1811.16,1141.6,-1455.99,1496.76,-732,-101,-833,-884,-279,605);S(P(1,0,0,0),P(0,0,1,1)))
MS(M(2291.74,3145.92,2418.01,2124.95,1487.54,1789.13,1968.15,-198.754,-1810.97,1024.6,-1737.95,1097.61,-820,-173,-993,-1928,-924,1004);S(P(1,0,0,0),P(0,0,1,1)))
MS(M(2752.11,3075.51,2492.78,2146.3,1738.05,1910.05,2242.07,-449.59,-1815.51,363.287,-1507.57,671.229,-259,-242,-501,-3009,-1418,1591);S(P(0,0,0,0),P(0,0,0,0)))
MS(M(2717.56,2761.69,1867.99,1039.17,949.314,1855.75,1913.56,-325.033,-954.721,-1369.85,81.1409,-333.985,-66,705,639,-98,-750,-652);S(P(0,0,1,0),P(0,0,1,1)))
MS(M(2836.65,8298.4,2258.94,784.152,6679.52,1941.86,7975.28,-346.199,-720.027,-2073.16,295.125,-1058.01,-17,1136,1119,6125,-434,-6559);S(P(0,0,1,0),P(0,0,1,1)))
MS(M(2834.25,1142.49,2665.12,1857.79,3426.64,1899.42,2245.01,-370.785,-1094.05,891.026,-1081.26,903.816,73,141,214,-2007,-1390,617);S(P(0,0,0,0),P(0,0,0,0)))
MS(M(2762.47,2323.17,2209.03,2071.28,1118.3,1921.53,1645.26,-255.973,-1167.31,580.434,-1369.1,378.639,39,-117,-78,-2570,-1545,1025);S(P(0,0,0,0),P(0,0,0,0)))
MS(M(2667.91,2634.07,2682.23,1840.61,1504.66,1914.97,1723.8,-74.1902,-1252.8,1115.48,-1488.42,879.872,-113,371,258,-2035,-897,1138);S(P(0,0,1,0),P(0,0,1,0)))
MS(M(2682.68,2709.2,2799.6,1446.19,1937.8,1850.33,1730.24,104.639,-1489.46,1453.23,-1327.69,1615,95,360,455,-935,0,935);S(P(0,0,1,0),P(0,0,0,0)))
MS(M(2542.39,2640.31,2603.55,1594.85,1797.61,1710.75,1739.37,52.5792,-1453.6,1575.85,-1401.8,1627.65,-181,707,526,-26,602,628);S(P(0,0,0,0),P(0,0,0,0)))
MS(M(2567.65,2770.09,2575.15,1765.24,1682.32,1766.58,1838.46,161.931,-1369.87,1740.81,-1502.94,1607.74,-232,642,410,521,831,310);S(P(0,0,0,0),P(0,0,0,0)))
MS(M(2654.8,2716.04,2453.14,1604.57,1693.45,1942.99,1746.1,184.451,-1522.88,1544.43,-1403.03,1664.29,-178,781,603,486,751,265);S(P(0,0,0,0),P(0,0,0,0)))
MS(M(2685.02,2789.21,2719.22,1690.32,1763.15,1874.08,1846.52,114.514,-1491.63,1605.55,-1432.52,1664.66,-34,1048,1014,350,847,497);S(P(0,1,0,0),P(0,0,0,0)))
MS(M(2671.6,2961.2,2674.45,1690.6,1761.84,1844.82,1983.07,354.594,-1095.33,2028.45,-1434.22,1689.57,73,1107,1180,623,894,271);S(P(1,1,0,0),P(1,0,0,0)))
MS(M(2689.58,2856.37,2535.56,1512.06,1519.25,1896.97,1924.47,568.593,-571.572,2178.09,-1345.25,1404.42,76,1217,1293,291,507,216);S(P(1,1,0,0),P(1,0,0,0)))
MS(M(2585.31,3003.71,2685.93,1547.68,1519.33,1724.94,2107.36,628.896,-250.011,2350.27,-1250.9,1349.38,156,1383,1539,585,766,181);S(P(1,1,0,0),P(1,0,0,0)))
MS(M(2679.38,3076.7,3230.48,1970.83,1556.54,1863.53,2216.59,634.945,-235.238,2413.7,-1543.66,1105.28,158,1831,1989,650,1172,522);S(P(1,1,0,0),P(1,0,0,0)))
MS(M(2848.71,2901.69,3247.41,1918.54,1843.03,1973.6,2022.37,322.501,-994.196,2049.09,-1625.61,1417.67,0,1738,1738,167,1014,847);S(P(1,1,0,0),P(1,0,0,0)))
MS(M(2687.06,2668.43,2830.09,1623.9,1832.87,1925.46,1813.38,0.855633,-1607.73,1431.4,-1398.75,1640.38,-244,1292,1048,-64,653,717);S(P(0,0,0,0),P(0,0,0,0)))
MS(M(2793.63,2752.24,2879.85,1763.91,1990.1,2004.14,1830.47,-224.308,-2091.62,1034.89,-1454.85,1671.66,33,1046,1079,-495,584,1079);S(P(0,0,0,0),P(0,0,1,0)))
MS(M(2812.31,2719.69,2941.74,1735.04,2177.38,1966.19,1850.78,-570.457,-2432.68,551.802,-1195.13,1789.35,-63,1098,1035,-749,476,1225);S(P(1,0,0,0),P(0,0,1,0)))
MS(M(2814.34,2697.98,2765.28,1662.59,2260.58,2165.53,1869.98,-653.408,-2402.99,262.782,-1154.93,1510.84,-190,1350,1160,-1540,75,1615);S(P(1,0,0,0),P(0,0,2,0)))
MS(M(3190.46,2361.36,2746.47,1730.34,2208.6,2349.93,1792.93,-939.555,-2874.06,-178.756,-1223.53,1471.77,-64,1325,1261,-1556,0,1556);S(P(2,0,0,0),P(0,0,2,0)))
MS(M(3141.99,2251.6,2657.82,1906.39,2071.81,2311.24,1799.47,-984.812,-2918.26,-195.419,-1298.45,1424.39,-159,1250,1091,-1447,0,1447);S(P(2,0,0,0),P(0,0,2,0)))
MS(M(2870.18,2689.17,2813.56,1587.37,2302.37,2080.23,1782.53,-686.107,-2609.61,295.429,-1076.65,1828.39,-371,1109,738,-1035,317,1352);S(P(1,0,0,0),P(0,0,1,0)))
MS(M(2661.35,2875.69,2720.45,1783.85,1972.9,1948.33,1840.28,-76.7257,-1935.54,1249.27,-1446.96,1737.84,-407,848,441,-289,640,929);S(P(0,0,0,0),P(0,0,1,0)))
MS(M(2572.54,2841.46,2734.44,1785.82,1810.87,1831.92,1817.92,150.66,-1478.36,1681.66,-1478.36,1681.66,-213,213,0,216,675,459);S(P(0,0,0,0),P(0,0,0,1)))
MS(M(2462.48,2597.56,1799.08,1140.04,2022.94,1834.95,1689.91,376.346,-1074.11,1964.43,-1024.85,2013.7,-373,-288,-661,617,428,-189);S(P(0,0,0,0),P(0,0,0,1)))
MS(M(2600.27,2583.84,2465.4,1748.94,1725.92,1874.36,1839.24,368.267,-970.73,2119.5,-1623.47,1466.75,-695,88,-607,741,613,-128);S(P(0,0,0,0),P(1,0,0,1)))
MS(M(2607.85,2545.79,2349.38,1831.11,1683.23,1852.37,1832.75,403.758,-907.455,2193.46,-1695.05,1405.86,-707,27,-680,906,688,-218);S(P(0,0,1,0),P(1,0,0,1)))
MS(M(2623.75,2653.58,2503.92,1909.22,1701,1997.41,1808.99,520.295,-799.657,2309.4,-1742.57,1366.48,-369,-273,-642,1024,763,-261);S(P(0,0,1,0),P(1,0,0,1)))
MS(M(2603.54,2506,2314.28,1866.21,1640.5,1868.06,1798.95,377.03,-978.174,2116.46,-1696.95,1397.69,-714,0,-714,1007,758,-249);S(P(0,0,1,0),P(1,0,0,1)))
MS(M(2485.68,2337.84,2015.93,1776.63,1600.48,1828.84,1709.82,223.645,-1223.47,1864.58,-1598.69,1489.36,-755,-137,-892,867,709,-158);S(P(0,0,0,0),P(0,0,0,1)))
MS(M(2385.5,2362.82,1584.44,951.991,2333.45,1866.69,1616.4,256.32,-1364.23,1743.88,-830.638,2277.47,-765,-420,-1185,656,363,-293);S(P(0,0,0,0),P(0,0,0,1)))
MS(M(2328.11,2402.31,1576.01,930.069,2313.55,1835.16,1587.06,235.964,-1431.11,1652.78,-852.183,2231.7,-806,-406,-1212,463,281,-182);S(P(1,0,0,0),P(0,0,0,1)))
MS(M(2248.82,2158.9,1291.5,1112.72,2066.22,1794.19,1542.32,78.7141,-1556.5,1418.87,-990.146,1985.22,-706,-203,-909,416,501,85);S(P(1,0,0,0),P(0,0,0,1)))
MS(M(2445.29,1954.39,1547.95,949.587,2220.57,1790.78,1527.41,-345.884,-2008.93,891.346,-886.924,2013.35,-476,-431,-907,245,223,-22);S(P(1,0,0,0),P(0,0,0,1)))
MS(M(1830.18,2061.49,1573.91,1680.73,1361.77,1811.56,1329.94,351.599,-1371.04,1351.88,-1401.36,1321.57,-578,-297,-875,22,263,241);S(P(1,0,0,0),P(0,0,1,1)))
MS(M(1871.75,1226.4,1021.55,1191.91,933.783,1789.04,420.278,261.65,-1483.48,610.304,-1179.29,914.49,-656,-219,-875,181,171,-10);S(P(1,0,0,0),P(0,0,1,1)))
MS(M(1849.13,1080.25,1180.09,1102.43,1023.13,1818,244.085,282.981,-1479.33,485.638,-1093.15,871.82,-629,-460,-1089,317,-45,-362);S(P(1,0,0,0),P(0,0,1,1)))
MS(M(2098.11,2132.21,1581.64,1044.76,1856.56,1790.37,1236.38,149.959,-1583.04,1119.19,-998.089,1704.14,-737,-654,-1391,-169,-207,-38);S(P(1,0,0,0),P(0,0,1,1)))
MS(M(2295.46,2521.16,2124.62,1648.68,1663.02,1757.23,1704.38,3.7522,-1628.53,1398.3,-1376.46,1650.37,-521,-262,-783,192,373,181);S(P(1,0,0,0),P(0,0,0,1)))
MS(M(2589.07,2592.52,2259.28,1536.08,1637.98,1852.98,1683.24,8.24072,-1704.23,1355.89,-1432.42,1627.69,-447,192,-255,221,394,173);S(P(1,0,0,0),P(0,0,0,1)))
MS(M(2572.64,2802.91,2509.07,1626.33,1692.83,1865.15,1676.55,203.089,-1520.27,1587.21,-1459.62,1647.87,-27,458,431,242,594,352);S(P(0,0,0,0),P(0,0,0,0)))
MS(M(2668.63,2674.12,2512.58,1440.18,1746.18,1880.24,1635.9,179.359,-1440.17,1553.73,-1338.1,1655.81,97,795,892,0,516,516);S(P(0,0,0,0),P(0,0,0,0)))
MS(M(2604.98,2637.22,2831.72,1735.2,1729.84,1777.89,1711.9,113.009,-1394.69,1559.33,-1452.04,1501.98,71,1221,1292,163,880,717);S(P(0,0,0,0),P(0,0,0,0)))
