1;S(P(0,0,0,0),P(0,0,0,0))
2;S(P(0,0,0,0),P(0,0,0,0))
3;S(P(0,0,0,0),P(0,0,0,0))
4;S(P(0,0,0,0),P(0,0,0,0))
5;S(P(0,0,0,0),P(0,0,0,0))
6;S(P(0,0,0,0),P(0,0,0,0))
7;S(P(0,0,0,0),P(0,0,0,0))
8;S(P(0,0,0,0),P(0,0,0,0))
9;S(P(0,0,0,0),P(1,0,0,0))
10;S(P(0,0,0,0),P(1,0,0,0))
11;S(P(0,0,0,0),P(1,0,0,0))
12;S(P(0,0,0,0),P(1,0,0,0))
13;S(P(0,0,0,0),P(0,0,0,0))
14;S(P(0,0,0,0),P(0,0,0,0))
15;S(P(0,0,0,0),P(0,0,0,0))
16;S(P(0,0,0,0),P(0,0,0,0))
17;S(P(0,0,0,0),P(0,0,1,0))
18;S(P(0,0,0,0),P(0,0,1,0))
19;S(P(0,0,0,0),P(0,0,1,0))
20;S(P(0,0,0,0),P(0,0,1,0))
21;S(P(0,0,0,0),P(0,0,1,0))
22;S(P(0,0,0,0),P(0,0,1,0))
23;S(P(0,0,0,0),P(0,0,1,1))
24;S(P(0,0,0,0),P(0,0,1,1))
25;S(P(0,0,0,0),P(0,0,0,1))
26;S(P(0,0,0,0),P(0,0,0,1))
27;S(P(0,0,0,0),P(0,0,0,1))
28;S(P(0,0,0,0),P(0,0,0,1))
29;S(P(0,0,0,0),P(0,0,0,1))
30;S(P(0,0,0,0),P(0,0,0,1))
31;S(P(0,0,0,0),P(1,0,0,1))
32;S(P(0,0,0,0),P(1,0,0,1))
33;S(P(0,0,0,0),P(1,0,0,1))
34;S(P(0,0,0,0),P(1,0,0,0))
35;S(P(0,0,0,0),P(1,0,0,0))
36;S(P(0,0,0,0),P(1,0,0,0))
37;S(P(0,0,0,0),P(0,0,0,0))
38;S(P(0,0,0,0),P(0,0,0,0))
39;S(P(0,0,0,0),P(0,0,0,0))
40;S(P(0,0,0,0),P(0,0,0,0))
41;S(P(0,1,0,0),P(0,0,0,0))
42;S(P(0,1,0,0),P(0,0,0,0))
43;S(P(0,1,0,0),P(0,0,0,0))
44;S(P(0,1,0,0),P(0,0,0,0))
45;S(P(0,0,0,0),P(0,0,0,0))
46;S(P(0,0,0,0),P(0,0,0,0))
47;S(P(0,0,0,0),P(0,0,0,0))
48;S(P(0,0,0,0),P(0,0,0,0))
147;S(P(0,0,0,0),P(0,0,0,0))
148;S(P(0,0,0,0),P(0,0,0,0))
149;S(P(0,0,0,0),P(0,0,0,0))
150;S(P(0,0,0,0),P(1,0,0,0))
151;S(P(0,0,0,0),P(1,0,0,0))
152;S(P(0,0,0,0),P(1,0,0,0))
153;S(P(0,0,0,0),P(1,0,0,0))
154;S(P(0,0,0,0),P(1,1,0,0))
155;S(P(0,0,0,0),P(1,1,0,0))
156;S(P(0,0,0,0),P(1,0,0,0))
157;S(P(0,0,0,0),P(1,0,0,0))
158;S(P(0,0,0,0),P(1,0,0,0))
159;S(P(0,0,0,0),P(1,0,0,0))
160;S(P(0,0,0,0),P(1,0,0,0))
161;S(P(0,0,0,0),P(1,0,0,0))
162;S(P(0,0,0,0),P(1,0,0,0))
163;S(P(0,0,0,0),P(0,0,0,0))
164;S(P(0,0,0,0),P(0,0,0,0))
165;S(P(0,0,0,0),P(0,0,0,0))
166;S(P(0,0,0,0),P(0,0,1,0))
167;S(P(0,0,0,0),P(0,0,1,0))
168;S(P(0,0,0,0),P(0,0,1,0))
169;S(P(0,0,1,0),P(0,0,1,0))
170;S(P(0,0,1,0),P(0,0,1,0))
171;S(P(0,0,0,0),P(0,0,1,0))
172;S(P(1,0,0,0),P(0,0,1,0))
173;S(P(1,0,0,0),P(0,0,1,0))
174;S(P(1,0,0,0),P(0,0,1,0))
175;S(P(1,0,0,0),P(0,0,1,0))
176;S(P(1,0,0,0),P(0,0,1,0))
177;S(P(1,0,0,0),P(0,0,1,0))
178;S(P(1,0,0,0),P(0,0,1,0))
179;S(P(0,0,0,0),P(0,0,1,0))
180;S(P(0,0,0,0),P(0,0,1,0))
181;S(P(0,0,0,0),P(0,0,0,0))
182;S(P(0,0,0,0),P(0,0,0,0))
183;S(P(0,0,0,0),P(0,0,0,1))
184;S(P(0,0,0,0),P(1,0,0,1))
185;S(P(0,0,0,0),P(1,0,0,1))
186;S(P(0,0,0,0),P(1,0,0,1))
187;S(P(0,0,0,0),P(1,0,0,1))
188;S(P(0,0,0,0),P(1,0,0,1))
189;S(P(0,0,0,0),P(1,0,0,1))
190;S(P(0,0,0,0),P(1,0,0,0))
191;S(P(0,0,0,0),P(1,0,0,0))
192;S(P(0,0,0,0),P(0,0,0,0))
193;S(P(0,0,0,0),P(0,0,0,0))
194;S(P(0,0,1,0),P(0,0,0,0))
195;S(P(0,0,1,0),P(0,0,0,0))
196;S(P(0,0,1,0),P(0,0,0,0))
197;S(P(0,0,0,0),P(1,0,0,0))
198;S(P(0,0,0,0),P(1,0,0,0))
199;S(P(0,0,0,0),P(1,0,0,0))
200;S(P(0,0,1,0),P(2,0,0,0))
201;S(P(0,0,1,0),P(2,0,0,0))
202;S(P(1,0,0,0),P(1,0,0,0))
203;S(P(1,0,0,0),P(1,0,0,0))
204;S(P(0,0,0,0),P(1,0,0,0))
205;S(P(0,0,0,0),P(0,0,0,0))
206;S(P(0,0,0,0),P(0,0,0,0))
207;S(P(0,0,0,0),P(0,0,0,0))
208;S(P(0,0,0,0),P(0,0,0,0))
209;S(P(0,0,0,0),P(0,0,1,0))
210;S(P(0,0,0,0),P(0,0,1,0))
211;S(P(0,0,0,0),P(0,0,1,0))
212;S(P(0,0,0,0),P(0,0,1,0))
213;S(P(0,0,0,0),P(0,0,1,1))
214;S(P(0,0,0,0),P(0,0,1,1))
215;S(P(0,0,0,0),P(0,0,1,0))
216;S(P(0,0,0,0),P(0,0,1,0))
217;S(P(1,0,0,0),P(0,0,1,0))
218;S(P(1,0,0,0),P(0,0,1,0))
219;S(P(0,0,0,0),P(0,0,1,0))
220;S(P(0,0,1,0),P(0,0,1,0))
221;S(P(0,0,0,0),P(0,0,1,0))
222;S(P(0,0,0,0),P(0,0,1,1))
223;S(P(0,0,0,0),P(0,0,1,1))
224;S(P(1,0,0,0),P(0,0,1,1))
225;S(P(1,0,0,0),P(0,0,1,1))
226;S(P(1,0,0,0),P(0,0,1,1))
227;S(P(1,0,0,0),P(0,0,1,1))
228;S(P(0,0,0,0),P(0,0,0,0))
229;S(P(0,0,1,0),P(0,0,1,1))
230;S(P(0,0,1,0),P(0,0,1,1))
231;S(P(0,0,0,0),P(0,0,0,0))
232;S(P(0,0,0,0),P(0,0,0,0))
233;S(P(0,0,1,0),P(0,0,1,0))
234;S(P(0,0,1,0),P(0,0,0,0))
235;S(P(0,0,0,0),P(0,0,0,0))
236;S(P(0,0,0,0),P(0,0,0,0))
237;S(P(0,0,0,0),P(0,0,0,0))
238;S(P(0,1,0,0),P(0,0,0,0))
239;S(P(1,1,0,0),P(1,0,0,0))
240;S(P(1,1,0,0),P(1,0,0,0))
241;S(P(1,1,0,0),P(1,0,0,0))
242;S(P(1,1,0,0),P(1,0,0,0))
243;S(P(1,1,0,0),P(1,0,0,0))
244;S(P(0,0,0,0),P(0,0,0,0))
245;S(P(0,0,0,0),P(0,0,1,0))
246;S(P(1,0,0,0),P(0,0,1,0))
247;S(P(1,0,0,0),P(0,0,2,0))
248;S(P(2,0,0,0),P(0,0,2,0))
249;S(P(2,0,0,0),P(0,0,2,0))
250;S(P(1,0,0,0),P(0,0,1,0))
251;S(P(0,0,0,0),P(0,0,1,0))
252;S(P(0,0,0,0),P(0,0,0,1))
253;S(P(0,0,0,0),P(0,0,0,1))
254;S(P(0,0,0,0),P(1,0,0,1))
255;S(P(0,0,1,0),P(1,0,0,1))
256;S(P(0,0,1,0),P(1,0,0,1))
257;S(P(0,0,1,0),P(1,0,0,1))
258;S(P(0,0,0,0),P(0,0,0,1))
259;S(P(0,0,0,0),P(0,0,0,1))
260;S(P(1,0,0,0),P(0,0,0,1))
261;S(P(1,0,0,0),P(0,0,0,1))
262;S(P(1,0,0,0),P(0,0,0,1))
263;S(P(1,0,0,0),P(0,0,1,1))
264;S(P(1,0,0,0),P(0,0,1,1))
265;S(P(1,0,0,0),P(0,0,1,1))
266;S(P(1,0,0,0),P(0,0,1,1))
267;S(P(1,0,0,0),P(0,0,0,1))
268;S(P(1,0,0,0),P(0,0,0,1))
269;S(P(0,0,0,0),P(0,0,0,0))
270;S(P(0,0,0,0),P(0,0,0,0))
271;S(P(0,0,0,0),P(0,0,0,0))